timestamp,raw,ema,diff,label
1752422571,479,518,-39,0
1752422571,479,514,-35,0
1752422571,468,510,-42,0
1752422571,459,504,-45,0
1752422571,466,501,-35,0
1752422571,463,497,-34,0
1752422571,450,492,-42,0
1752422571,619,505,114,0
1752422571,426,497,-71,0
1752422571,422,489,-67,0
1752422571,439,484,-45,0
1752422571,458,481,-23,0
1752422571,470,480,-10,0
1752422571,479,480,-1,0
1752422571,452,477,-25,0
1752422572,443,474,-31,0
1752422572,452,472,-20,0
1752422572,458,470,-12,0
1752422572,460,469,-9,0
1752422572,460,468,-8,0
1752422572,463,468,-5,0
1752422572,482,469,13,0
1752422572,497,472,25,0
1752422572,477,472,5,0
1752422572,452,470,-18,0
1752422572,603,483,120,0
1752422572,457,481,-24,0
1752422572,465,479,-14,0
1752422572,480,479,1,0
1752422572,494,481,13,0
1752422572,507,483,24,0
1752422572,505,485,20,0
1752422572,476,484,-8,0
1752422572,477,484,-7,0
1752422572,485,484,1,0
1752422572,489,484,5,0
1752422572,489,485,4,0
1752422572,492,485,7,0
1752422572,505,487,18,0
1752422572,520,490,30,0
1752422573,501,491,10,0
1752422573,470,489,-19,0
1752422573,584,499,85,0
1752422573,474,496,-22,0
1752422573,483,495,-12,0
1752422573,499,495,4,0
1752422573,510,497,13,0
1752422573,515,498,17,0
1752422573,509,499,10,0
1752422573,488,498,-10,0
1752422573,496,498,-2,0
1752422573,501,498,3,0
1752422573,500,498,2,0
1752422573,500,498,2,0
1752422573,498,498,0,0
1752422573,511,500,11,0
1752422573,534,503,31,0
1752422573,508,503,5,0
1752422573,473,500,-27,0
1752422573,745,525,220,0
1752422573,485,521,-36,0
1752422573,487,517,-30,0
1752422573,500,516,-16,0
1752422573,512,515,-3,0
1752422573,519,515,4,0
1752422574,519,516,3,0
1752422574,491,513,-22,0
1752422574,493,511,-18,0
1752422574,499,510,-11,0
1752422574,499,509,-10,0
1752422574,495,507,-12,0
1752422574,496,506,-10,0
1752422574,499,505,-6,0
1752422574,522,507,15,0
1752422574,499,506,-7,0
1752422574,469,502,-33,0
1752422574,842,536,306,0
1752422574,480,531,-51,0
1752422574,480,525,-45,0
1752422574,493,522,-29,0
1752422574,509,521,-12,0
1752422574,516,520,-4,0
1752422574,520,520,0,0
1752422574,495,518,-23,0
1752422574,494,515,-21,0
1752422574,501,514,-13,0
1752422574,500,512,-12,0
1752422574,494,510,-16,0
1752422574,498,509,-11,0
1752422574,508,509,-1,0
1752422575,531,511,20,0
1752422575,503,510,-7,0
1752422575,475,507,-32,0
1752422575,596,516,80,0
1752422575,482,512,-30,0
1752422575,489,510,-21,0
1752422575,504,509,-5,0
1752422575,517,510,7,0
1752422575,525,511,14,0
1752422575,520,512,8,0
1752422575,501,511,-10,0
1752422575,507,511,-4,0
1752422575,507,510,-3,0
1752422575,509,510,-1,0
1752422575,501,509,-8,0
1752422575,501,508,-7,0
1752422575,516,509,7,0
1752422575,505,508,-3,0
1752422575,486,506,-20,0
1752422575,896,545,351,0
1752422575,486,539,-53,0
1752422575,484,534,-50,0
1752422575,495,530,-35,0
1752422575,513,528,-15,0
1752422575,520,527,-7,0
1752422576,522,527,-5,0
1752422576,501,524,-23,0
1752422576,497,521,-24,0
1752422576,505,520,-15,0
1752422576,502,518,-16,0
1752422576,500,516,-16,0
1752422576,499,514,-15,0
1752422576,510,514,-4,0
1752422576,517,514,3,0
1752422576,499,512,-13,0
1752422576,545,516,29,0
1752422576,498,514,-16,0
1752422576,482,511,-29,0
1752422576,489,508,-19,0
1752422576,501,508,-7,0
1752422576,517,508,9,0
1752422576,521,510,11,0
1752422576,510,510,0,0
1752422576,492,508,-16,0
1752422576,500,507,-7,0
1752422576,505,507,-2,0
1752422576,499,506,-7,0
1752422576,498,505,-7,0
1752422576,501,505,-4,0
1752422576,523,506,17,0
1752422577,500,506,-6,0
1752422577,471,502,-31,0
1752422577,833,535,298,0
1752422577,487,530,-43,0
1752422577,487,526,-39,0
1752422577,499,523,-24,0
1752422577,512,522,-10,0
1752422577,525,522,3,0
1752422577,525,523,2,0
1752422577,501,520,-19,0
1752422577,504,519,-15,0
1752422577,509,518,-9,0
1752422577,516,517,-1,0
1752422577,517,517,0,0
1752422577,519,517,2,0
1752422577,530,519,11,0
1752422577,529,520,9,0
1752422577,521,520,1,0
1752422577,847,552,295,0
1752422577,520,549,-29,0
1752422577,528,547,-19,0
1752422577,541,546,-5,0
1752422577,567,548,19,0
1752422577,579,551,28,0
1752422577,587,555,32,0
1752422578,569,556,13,0
1752422578,562,557,5,0
1752422578,572,558,14,0
1752422578,570,559,11,0
1752422578,560,559,1,0
1752422578,560,559,1,0
1752422578,563,560,3,0
1752422578,558,559,-1,0
1752422578,541,558,-17,0
1752422578,840,586,254,0
1752422578,530,580,-50,0
1752422578,520,574,-54,0
1752422578,532,570,-38,0
1752422578,538,567,-29,0
1752422578,545,564,-19,0
1752422578,542,562,-20,0
1752422578,517,558,-41,0
1752422578,501,552,-51,0
1752422578,508,547,-39,0
1752422578,503,543,-40,0
1752422578,494,538,-44,0
1752422578,489,533,-44,0
1752422578,497,529,-32,0
1752422578,507,527,-20,0
1752422578,480,522,-42,0
1752422579,449,515,-66,0
1752422579,557,519,38,0
1752422579,450,512,-62,0
1752422579,456,506,-50,0
1752422579,469,503,-34,0
1752422579,483,501,-18,0
1752422579,492,500,-8,0
1752422579,481,498,-17,0
1752422579,457,494,-37,0
1752422579,459,490,-31,0
1752422579,466,488,-22,0
1752422579,469,486,-17,0
1752422579,465,484,-19,0
1752422579,467,482,-15,0
1752422579,481,482,-1,0
1752422579,492,483,9,0
1752422579,465,481,-16,0
1752422579,448,478,-30,0
1752422579,526,482,44,0
1752422579,447,479,-32,0
1752422579,458,477,-19,0
1752422579,472,476,-4,0
1752422579,487,477,10,0
1752422579,496,479,17,0
1752422579,488,480,8,0
1752422580,468,479,-11,0
1752422580,473,478,-5,0
1752422580,485,479,6,0
1752422580,481,479,2,0
1752422580,477,479,-2,0
1752422580,479,479,0,0
1752422580,487,479,8,0
1752422580,508,482,26,0
1752422580,485,482,3,0
1752422580,456,480,-24,0
1752422580,648,497,151,0
1752422580,462,493,-31,0
1752422580,479,492,-13,0
1752422580,484,491,-7,0
1752422580,511,493,18,0
1752422580,524,496,28,0
1752422580,516,498,18,0
1752422580,495,497,-2,0
1752422580,495,497,-2,0
1752422580,505,498,7,0
1752422580,506,499,7,0
1752422580,503,499,4,0
1752422580,506,500,6,0
1752422580,503,500,3,0
1752422580,516,502,14,0
1752422581,522,504,18,0
1752422581,503,503,0,0
1752422581,667,520,147,0
1752422581,489,517,-28,0
1752422581,491,514,-23,0
1752422581,501,513,-12,0
1752422581,518,513,5,0
1752422581,528,515,13,0
1752422581,533,516,17,0
1752422581,513,516,-3,0
1752422581,499,514,-15,0
1752422581,505,513,-8,0
1752422581,510,513,-3,0
1752422581,504,512,-8,0
1752422581,500,511,-11,0
1752422581,504,510,-6,0
1752422581,512,510,2,0
1752422581,530,512,18,0
1752422581,504,511,-7,0
1752422581,485,509,-24,0
1752422581,637,521,116,0
1752422581,486,518,-32,0
1752422581,491,515,-24,0
1752422581,498,513,-15,0
1752422581,518,514,4,0
1752422582,528,515,13,0
1752422582,524,516,8,0
1752422582,498,514,-16,0
1752422582,497,512,-15,0
1752422582,507,512,-5,0
1752422582,508,511,-3,0
1752422582,503,510,-7,0
1752422582,498,509,-11,0
1752422582,509,509,0,0
1752422582,526,511,15,0
1752422582,493,509,-16,0
1752422582,488,507,-19,0
1752422582,521,508,13,0
1752422582,468,504,-36,0
1752422582,482,502,-20,0
1752422582,499,501,-2,0
1752422582,514,503,11,0
1752422582,524,505,19,0
1752422582,509,505,4,0
1752422582,490,504,-14,0
1752422582,498,503,-5,0
1752422582,504,503,1,0
1752422582,503,503,0,0
1752422582,502,503,-1,0
1752422582,504,503,1,0
1752422583,520,505,15,0
1752422583,532,507,25,0
1752422583,513,508,5,0
1752422583,529,510,19,0
1752422583,530,512,18,0
1752422583,502,511,-9,0
1752422583,513,511,2,0
1752422583,532,513,19,0
1752422583,549,517,32,0
1752422583,562,521,41,0
1752422583,549,524,25,0
1752422583,527,524,3,0
1752422583,532,525,7,0
1752422583,539,526,13,0
1752422583,539,527,12,0
1752422583,534,528,6,0
1752422583,532,528,4,0
1752422583,542,530,12,0
1752422583,557,532,25,0
1752422583,531,532,-1,0
1752422583,503,529,-26,0
1752422583,661,542,119,0
1752422583,503,538,-35,0
1752422583,502,535,-33,0
1752422583,516,533,-17,0
1752422584,535,533,2,0
1752422584,541,534,7,0
1752422584,537,534,3,0
1752422584,504,531,-27,0
1752422584,504,528,-24,0
1752422584,509,526,-17,0
1752422584,506,524,-18,0
1752422584,500,522,-22,0
1752422584,498,519,-21,0
1752422584,500,517,-17,0
1752422584,515,517,-2,0
1752422584,492,514,-22,0
1752422584,466,510,-44,0
1752422584,823,541,282,0
1752422584,469,534,-65,0
1752422584,466,527,-61,0
1752422584,477,522,-45,0
1752422584,491,519,-28,0
1752422584,502,517,-15,0
1752422584,503,515,-12,0
1752422584,475,511,-36,0
1752422584,469,507,-38,0
1752422584,479,504,-25,0
1752422584,476,501,-25,0
1752422584,476,499,-23,0
1752422585,477,497,-20,0
1752422585,487,496,-9,0
1752422585,496,496,0,0
1752422585,469,493,-24,0
1752422585,528,496,32,0
1752422585,467,493,-26,0
1752422585,461,490,-29,0
1752422585,476,489,-13,0
1752422585,492,489,3,0
1752422585,509,491,18,0
1752422585,517,493,24,0
1752422585,500,494,6,0
1752422585,483,493,-10,0
1752422585,492,493,-1,0
1752422585,497,493,4,0
1752422585,498,494,4,0
1752422585,498,494,4,0
1752422585,496,494,2,0
1752422585,514,496,18,0
1752422585,503,497,6,0
1752422585,487,496,-9,0
1752422585,863,532,331,0
1752422585,484,527,-43,0
1752422585,480,523,-43,0
1752422585,497,520,-23,0
1752422586,507,519,-12,0
1752422586,525,519,6,0
1752422586,532,520,12,0
1752422586,493,518,-25,0
1752422586,493,515,-22,0
1752422586,491,513,-22,0
1752422586,500,511,-11,0
1752422586,498,510,-12,0
1752422586,491,508,-17,0
1752422586,501,507,-6,0
1752422586,519,508,11,0
1752422586,494,507,-13,0
1752422586,474,504,-30,0
1752422586,703,523,180,0
1752422586,487,520,-33,0
1752422586,493,517,-24,0
1752422586,502,515,-13,0
1752422586,523,516,7,0
1752422586,535,518,17,0
1752422586,535,520,15,0
1752422586,511,519,-8,0
1752422586,511,518,-7,0
1752422586,517,518,-1,0
1752422586,516,518,-2,0
1752422586,517,517,0,0
1752422587,523,518,5,0
1752422587,545,521,24,0
1752422587,523,521,2,0
1752422587,489,518,-29,0
1752422587,709,537,172,0
1752422587,503,533,-30,0
1752422587,508,531,-23,0
1752422587,518,529,-11,0
1752422587,533,530,3,0
1752422587,544,531,13,0
1752422587,533,531,2,0
1752422587,507,529,-22,0
1752422587,513,527,-14,0
1752422587,523,527,-4,0
1752422587,516,526,-10,0
1752422587,501,523,-22,0
1752422587,509,522,-13,0
1752422587,519,521,-2,0
1752422587,507,520,-13,0
1752422587,498,518,-20,0
1752422587,794,545,249,0
1752422587,483,539,-56,0
1752422587,482,533,-51,0
1752422587,493,529,-36,0
1752422587,512,527,-15,0
1752422588,522,527,-5,0
1752422588,527,527,0,0
1752422588,501,524,-23,0
1752422588,485,520,-35,0
1752422588,492,517,-25,0
1752422588,497,515,-18,0
1752422588,493,513,-20,0
1752422588,488,510,-22,0
1752422588,496,509,-13,0
1752422588,515,509,6,0
1752422588,487,507,-20,0
1752422588,457,502,-45,0
1752422588,677,520,157,0
1752422588,462,514,-52,0
1752422588,470,509,-39,0
1752422588,482,507,-25,0
1752422588,503,506,-3,0
1752422588,519,507,12,0
1752422588,509,507,2,0
1752422588,480,505,-25,0
1752422588,483,502,-19,0
1752422588,494,502,-8,0
1752422588,500,501,-1,0
1752422588,490,500,-10,0
1752422588,502,500,2,0
1752422589,518,502,16,0
1752422589,528,505,23,0
1752422589,518,506,12,0
1752422589,499,505,-6,0
1752422589,604,515,89,0
1752422589,510,514,-4,0
1752422589,529,516,13,0
1752422589,543,518,25,0
1752422589,565,523,42,0
1752422589,582,529,53,0
1752422589,573,533,40,0
1752422589,555,535,20,0
1752422589,556,537,19,0
1752422589,561,540,21,0
1752422589,559,542,17,0
1752422589,550,542,8,0
1752422589,553,543,10,0
1752422589,569,546,23,0
1752422589,547,546,1,0
1752422589,519,543,-24,0
1752422589,851,574,277,0
1752422589,518,568,-50,0
1752422589,515,563,-48,0
1752422589,522,559,-37,0
1752422589,529,556,-27,0
1752422590,530,553,-23,0
1752422590,521,550,-29,0
1752422590,487,544,-57,0
1752422590,470,536,-66,0
1752422590,476,530,-54,0
1752422590,472,524,-52,0
1752422590,464,518,-54,0
1752422590,464,513,-49,0
1752422590,458,507,-49,0
1752422590,463,503,-40,0
1752422590,447,497,-50,0
1752422590,636,511,125,0
1752422590,431,503,-72,0
1752422590,432,496,-64,0
1752422590,444,491,-47,0
1752422590,460,487,-27,0
1752422590,476,486,-10,0
1752422590,482,486,-4,0
1752422590,455,483,-28,0
1752422590,434,478,-44,0
1752422590,449,475,-26,0
1752422590,457,473,-16,0
1752422590,456,471,-15,0
1752422590,454,469,-15,0
1752422590,458,468,-10,0
1752422591,487,470,17,0
1752422591,467,470,-3,0
1752422591,443,467,-24,0
1752422591,639,484,155,0
1752422591,456,481,-25,0
1752422591,467,480,-13,0
1752422591,480,480,0,0
1752422591,498,482,16,0
1752422591,516,485,31,0
1752422591,514,488,26,0
1752422591,487,488,-1,0
1752422591,491,488,3,0
1752422591,499,489,10,0
1752422591,501,490,11,0
1752422591,499,491,8,0
1752422591,509,493,16,0
1752422591,534,497,37,0
1752422591,505,498,7,0
1752422591,491,497,-6,0
1752422591,570,504,66,0
1752422591,494,503,-9,0
1752422591,507,503,4,0
1752422591,522,505,17,0
1752422591,539,509,30,0
1752422591,548,512,36,0
1752422592,541,515,26,0
1752422592,523,516,7,0
1752422592,527,517,10,0
1752422592,536,519,17,0
1752422592,533,520,13,0
1752422592,529,521,8,0
1752422592,535,522,13,0
1752422592,555,526,29,0
1752422592,527,526,1,0
1752422592,500,523,-23,0
1752422592,702,541,161,0
1752422592,505,537,-32,0
1752422592,508,534,-26,0
1752422592,521,533,-12,0
1752422592,536,533,3,0
1752422592,544,534,10,0
1752422592,535,534,1,0
1752422592,506,531,-25,0
1752422592,505,529,-24,0
1752422592,513,527,-14,0
1752422592,509,525,-16,0
1752422592,500,523,-23,0
1752422592,495,520,-25,0
1752422592,506,518,-12,0
1752422592,502,517,-15,0
1752422593,485,513,-28,0
1752422593,659,528,131,0
1752422593,455,521,-66,0
1752422593,465,515,-50,0
1752422593,477,511,-34,0
1752422593,492,509,-17,0
1752422593,509,509,0,0
1752422593,514,510,4,0
1752422593,486,507,-21,0
1752422593,470,503,-33,0
1752422593,475,501,-26,0
1752422593,483,499,-16,0
1752422593,486,497,-11,0
1752422593,480,496,-16,0
1752422593,481,494,-13,0
1752422593,488,493,-5,0
1752422593,489,493,-4,0
1752422593,473,491,-18,0
1752422593,730,515,215,0
1752422593,464,510,-46,0
1752422593,463,505,-42,0
1752422593,475,502,-27,0
1752422593,493,501,-8,0
1752422593,512,502,10,0
1752422593,521,504,17,0
1752422594,489,502,-13,0
1752422594,475,500,-25,0
1752422594,479,497,-18,0
1752422594,489,497,-8,0
1752422594,489,496,-7,0
1752422594,489,495,-6,0
1752422594,487,494,-7,0
1752422594,502,495,7,0
1752422594,517,497,20,0
1752422594,494,497,-3,0
1752422594,476,495,-19,0
1752422594,577,503,74,0
1752422594,473,500,-27,0
1752422594,484,498,-14,0
1752422594,502,498,4,0
1752422594,519,500,19,0
1752422594,533,504,29,0
1752422594,529,506,23,0
1752422594,497,505,-8,0
1752422594,496,504,-8,0
1752422594,503,504,-1,0
1752422594,505,504,1,0
1752422594,502,504,-2,0
1752422594,502,504,-2,0
1752422594,505,504,1,0
1752422595,526,506,20,0
1752422595,511,506,5,0
1752422595,490,505,-15,0
1752422595,888,543,345,0
1752422595,502,539,-37,0
1752422595,496,534,-38,0
1752422595,518,533,-15,0
1752422595,530,532,-2,0
1752422595,543,533,10,0
1752422595,544,534,10,0
1752422595,523,533,-10,0
1752422595,518,532,-14,0
1752422595,525,531,-6,0
1752422595,525,530,-5,0
1752422595,524,530,-6,0
1752422595,521,529,-8,0
1752422595,520,528,-8,0
1752422595,538,529,9,0
1752422595,524,528,-4,0
1752422595,499,525,-26,0
1752422595,912,564,348,0
1752422595,502,558,-56,0
1752422595,495,551,-56,0
1752422595,507,547,-40,0
1752422595,521,544,-23,0
1752422596,534,543,-9,0
1752422596,531,542,-11,0
1752422596,508,538,-30,0
1752422596,498,534,-36,0
1752422596,504,531,-27,0
1752422596,505,529,-24,0
1752422596,499,526,-27,0
1752422596,495,522,-27,0
1752422596,496,520,-24,0
1752422596,505,518,-13,0
1752422596,506,517,-11,0
1752422596,492,514,-22,0
1752422596,620,525,95,0
1752422596,465,519,-54,0
1752422596,472,514,-42,0
1752422596,485,511,-26,0
1752422596,501,510,-9,0
1752422596,515,511,4,0
1752422596,521,512,9,0
1752422596,507,511,-4,0
1752422596,487,509,-22,0
1752422596,497,507,-10,0
1752422596,499,506,-7,0
1752422596,497,505,-8,0
1752422596,495,504,-9,0
1752422597,495,503,-8,0
1752422597,509,504,5,0
1752422597,521,506,15,0
1752422597,495,504,-9,0
1752422597,470,501,-31,0
1752422597,588,510,78,0
1752422597,473,506,-33,0
1752422597,480,503,-23,0
1752422597,492,502,-10,0
1752422597,505,502,3,0
1752422597,514,503,11,0
1752422597,509,504,5,0
1752422597,484,502,-18,0
1752422597,486,500,-14,0
1752422597,491,499,-8,0
1752422597,489,498,-9,0
1752422597,484,497,-13,0
1752422597,486,496,-10,0
1752422597,497,496,1,0
1752422597,498,496,2,0
1752422597,484,495,-11,0
1752422597,646,510,136,0
1752422597,457,504,-47,0
1752422597,470,501,-31,0
1752422597,482,499,-17,0
1752422598,497,499,-2,0
1752422598,511,500,11,0
1752422598,512,501,11,0
1752422598,497,501,-4,0
1752422598,486,499,-13,0
1752422598,494,499,-5,0
1752422598,496,498,-2,0
1752422598,490,497,-7,0
1752422598,488,496,-8,0
1752422598,490,496,-6,0
1752422598,516,498,18,0
1752422598,494,497,-3,0
1752422598,468,494,-26,0
1752422598,889,534,355,0
1752422598,480,528,-48,0
1752422598,478,523,-45,0
1752422598,495,520,-25,0
1752422598,506,519,-13,0
1752422598,517,519,-2,0
1752422598,521,519,2,0
1752422598,494,516,-22,0
1752422598,491,514,-23,0
1752422598,497,512,-15,0
1752422598,500,511,-11,0
1752422598,492,509,-17,0
1752422599,493,507,-14,0
1752422599,508,507,1,0
1752422599,525,509,16,0
1752422599,502,508,-6,0
1752422599,476,505,-29,0
1752422599,626,517,109,0
1752422599,485,514,-29,0
1752422599,495,512,-17,0
1752422599,513,512,1,0
1752422599,533,514,19,0
1752422599,543,517,26,0
1752422599,544,519,25,0
1752422599,521,520,1,0
1752422599,528,520,8,0
1752422599,538,522,16,0
1752422599,539,524,15,0
1752422599,539,525,14,0
1752422599,536,526,10,0
1752422599,553,529,24,0
1752422599,556,532,24,0
1752422599,535,532,3,0
1752422599,553,534,19,0
1752422599,528,533,-5,0
1752422599,511,531,-20,0
1752422599,518,530,-12,0
1752422600,528,529,-1,0
1752422600,537,530,7,0
1752422600,535,531,4,0
1752422600,522,530,-8,0
1752422600,493,526,-33,0
1752422600,494,523,-29,0
1752422600,497,520,-23,0
1752422600,488,517,-29,0
1752422600,487,514,-27,0
1752422600,492,512,-20,0
1752422600,512,512,0,0
1752422600,484,509,-25,0
1752422600,449,503,-54,0
1752422600,593,512,81,0
1752422600,455,506,-51,0
1752422600,463,502,-39,0
1752422600,476,499,-23,0
1752422600,487,498,-11,0
1752422600,490,497,-7,0
1752422600,483,495,-12,0
1752422600,458,492,-34,0
1752422600,462,489,-27,0
1752422600,470,487,-17,0
1752422600,467,485,-18,0
1752422600,460,482,-22,0
1752422601,457,480,-23,0
1752422601,469,479,-10,0
1752422601,474,478,-4,0
1752422601,451,475,-24,0
1752422601,456,473,-17,0
1752422601,470,473,-3,0
1752422601,438,469,-31,0
1752422601,451,467,-16,0
1752422601,470,468,2,0
1752422601,485,469,16,0
1752422601,494,472,22,0
1752422601,484,473,11,0
1752422601,461,472,-11,0
1752422601,472,472,0,0
1752422601,479,472,7,0
1752422601,478,473,5,0
1752422601,474,473,1,0
1752422601,479,473,6,0
1752422601,495,476,19,0
1752422601,487,477,10,0
1752422601,469,476,-7,0
1752422601,852,513,339,0
1752422601,471,509,-38,0
1752422601,467,505,-38,0
1752422601,485,503,-18,0
1752422602,505,503,2,0
1752422602,518,504,14,0
1752422602,520,506,14,0
1752422602,494,505,-11,0
1752422602,486,503,-17,0
1752422602,496,502,-6,0
1752422602,499,502,-3,0
1752422602,497,501,-4,0
1752422602,495,501,-6,0
1752422602,494,500,-6,0
1752422602,513,501,12,0
1752422602,493,500,-7,0
1752422602,473,497,-24,0
1752422602,870,535,335,0
1752422602,481,529,-48,0
1752422602,476,524,-48,0
1752422602,488,520,-32,0
1752422602,508,519,-11,0
1752422602,521,519,2,0
1752422602,526,520,6,0
1752422602,505,518,-13,0
1752422602,502,517,-15,0
1752422602,516,516,0,0
1752422602,520,517,3,0
1752422602,513,516,-3,0
1752422603,514,516,-2,0
1752422603,523,517,6,0
1752422603,524,517,7,0
1752422603,512,517,-5,0
1752422603,754,540,214,0
1752422603,495,536,-41,0
1752422603,499,532,-33,0
1752422603,516,530,-14,0
1752422603,532,531,1,0
1752422603,542,532,10,0
1752422603,545,533,12,0
1752422603,522,532,-10,0
1752422603,514,530,-16,0
1752422603,524,529,-5,0
1752422603,521,528,-7,0
1752422603,516,527,-11,0
1752422603,512,526,-14,0
1752422603,530,526,4,0
1752422603,545,528,17,0
1752422603,513,526,-13,0
1752422603,489,523,-34,0
1752422603,572,527,45,0
1752422603,484,523,-39,0
1752422603,493,520,-27,0
1752422603,508,519,-11,0
1752422604,522,519,3,0
1752422604,528,520,8,0
1752422604,515,519,-4,0
1752422604,485,516,-31,0
1752422604,487,513,-26,0
1752422604,494,511,-17,0
1752422604,489,509,-20,0
1752422604,486,506,-20,0
1752422604,481,504,-23,0
1752422604,492,503,-11,0
1752422604,502,502,0,0
1752422604,480,500,-20,0
1752422604,481,498,-17,0
1752422604,515,500,15,0
1752422604,464,496,-32,0
1752422604,472,494,-22,0
1752422604,491,493,-2,0
1752422604,506,495,11,0
1752422604,513,496,17,0
1752422604,497,496,1,0
1752422604,472,494,-22,0
1752422604,476,492,-16,0
1752422604,488,492,-4,0
1752422604,490,491,-1,0
1752422604,494,492,2,0
1752422605,497,492,5,0
1752422605,516,494,22,0
1752422605,537,499,38,0
1752422605,519,501,18,0
1752422605,513,502,11,0
1752422605,555,507,48,0
1752422605,521,508,13,0
1752422605,533,511,22,0
1752422605,552,515,37,0
1752422605,567,520,47,0
1752422605,577,526,51,0
1752422605,561,529,32,0
1752422605,535,530,5,0
1752422605,536,530,6,0
1752422605,540,531,9,0
1752422605,531,531,0,0
1752422605,517,530,-13,0
1752422605,516,528,-12,0
1752422605,521,527,-6,0
1752422605,512,526,-14,0
1752422605,492,522,-30,0
1752422605,791,549,242,0
1752422605,467,541,-74,0
1752422605,465,533,-68,0
1752422605,473,527,-54,0
1752422606,488,523,-35,0
1752422606,504,521,-17,0
1752422606,505,520,-15,0
1752422606,477,515,-38,0
1752422606,464,510,-46,0
1752422606,466,506,-40,0
1752422606,469,502,-33,0
1752422606,462,498,-36,0
1752422606,451,493,-42,0
1752422606,447,488,-41,0
1752422606,459,485,-26,0
1752422606,446,481,-35,0
1752422606,431,476,-45,0
1752422606,826,511,315,0
1752422606,437,504,-67,0
1752422606,433,497,-64,0
1752422606,446,492,-46,0
1752422606,460,488,-28,0
1752422606,472,487,-15,0
1752422606,473,485,-12,0
1752422606,443,481,-38,0
1752422606,430,476,-46,0
1752422606,446,473,-27,0
1752422606,452,471,-19,0
1752422606,452,469,-17,0
1752422607,455,467,-12,0
1752422607,456,466,-10,0
1752422607,465,466,-1,0
1752422607,467,466,1,0
1752422607,454,465,-11,0
1752422607,719,490,229,0
1752422607,446,486,-40,0
1752422607,447,482,-35,0
1752422607,463,480,-17,0
1752422607,482,480,2,0
1752422607,501,482,19,0
1752422607,511,485,26,0
1752422607,488,485,3,0
1752422607,476,484,-8,0
1752422607,486,484,2,0
1752422607,499,486,13,0
1752422607,504,488,16,0
1752422607,509,490,19,0
1752422607,523,493,30,0
1752422607,547,498,49,0
1752422607,522,501,21,0
1752422607,488,499,-11,0
1752422607,629,512,117,0
1752422607,494,510,-16,0
1752422607,503,510,-7,0
1752422608,519,510,9,0
1752422608,528,512,16,0
1752422608,540,515,25,0
1752422608,529,516,13,0
1752422608,504,515,-11,0
1752422608,511,515,-4,0
1752422608,519,515,4,0
1752422608,517,515,2,0
1752422608,514,515,-1,0
1752422608,513,515,-2,0
1752422608,522,515,7,0
1752422608,523,516,7,0
1752422608,506,515,-9,0
1752422608,617,525,92,0
1752422608,485,521,-36,0
1752422608,482,517,-35,0
1752422608,492,515,-23,0
1752422608,507,514,-7,0
1752422608,524,515,9,0
1752422608,532,516,16,0
1752422608,512,516,-4,0
1752422608,489,513,-24,0
1752422608,499,512,-13,0
1752422608,503,511,-8,0
1752422608,500,510,-10,0
1752422609,498,508,-10,0
1752422609,498,507,-9,0
1752422609,516,508,8,0
1752422609,498,507,-9,0
1752422609,477,504,-27,0
1752422609,903,544,359,0
1752422609,483,538,-55,0
1752422609,480,532,-52,0
1752422609,490,528,-38,0
1752422609,508,526,-18,0
1752422609,520,525,-5,0
1752422609,522,525,-3,0
1752422609,494,522,-28,0
1752422609,485,518,-33,0
1752422609,495,516,-21,0
1752422609,497,514,-17,0
1752422609,496,512,-16,0
1752422609,495,510,-15,0
1752422609,507,510,-3,0
1752422609,519,511,8,0
1752422609,492,509,-17,0
1752422609,543,512,31,0
1752422609,482,509,-27,0
1752422609,476,506,-30,0
1752422609,491,504,-13,0
1752422610,504,504,0,0
1752422610,521,506,15,0
1752422610,525,508,17,0
1752422610,511,508,3,0
1752422610,491,506,-15,0
1752422610,498,505,-7,0
1752422610,505,505,0,0
1752422610,499,505,-6,0
1752422610,497,504,-7,0
1752422610,513,505,8,0
1752422610,528,507,21,0
1752422610,498,506,-8,0
1752422610,477,503,-26,0
1752422610,560,509,51,0
1752422610,475,505,-30,0
1752422610,488,503,-15,0
1752422610,502,503,-1,0
1752422610,518,505,13,0
1752422610,524,507,17,0
1752422610,516,507,9,0
1752422610,485,505,-20,0
1752422610,490,504,-14,0
1752422610,498,503,-5,0
1752422610,498,502,-4,0
1752422610,493,501,-8,0
1752422611,495,501,-6,0
1752422611,517,502,15,0
1752422611,495,502,-7,0
1752422611,465,498,-33,0
1752422611,889,537,352,0
1752422611,476,531,-55,0
1752422611,476,525,-49,0
1752422611,490,522,-32,0
1752422611,508,520,-12,0
1752422611,525,521,4,0
1752422611,525,521,4,0
1752422611,489,518,-29,0
1752422611,486,515,-29,0
1752422611,497,513,-16,0
1752422611,500,511,-11,0
1752422611,496,510,-14,0
1752422611,501,509,-8,0
1752422611,514,509,5,0
1752422611,519,510,9,0
1752422611,507,510,-3,0
1752422611,708,530,178,0
1752422611,496,526,-30,0
1752422611,508,524,-16,0
1752422611,523,524,-1,0
1752422611,538,526,12,0
1752422612,555,528,27,0
1752422612,567,532,35,0
1752422612,546,534,12,0
1752422612,532,533,-1,0
1752422612,540,534,6,0
1752422612,544,535,9,0
1752422612,542,536,6,0
1752422612,543,536,7,0
1752422612,550,538,12,0
1752422612,552,539,13,0
1752422612,537,539,-2,0
1752422612,745,559,186,0
1752422612,508,554,-46,0
1752422612,521,551,-30,0
1752422612,534,549,-15,0
1752422612,542,548,-6,0
1752422612,555,549,6,0
1752422612,557,550,7,0
1752422612,526,547,-21,0
1752422612,512,544,-32,0
1752422612,517,541,-24,0
1752422612,514,538,-24,0
1752422612,507,535,-28,0
1752422612,499,531,-32,0
1752422612,507,529,-22,0
1752422613,506,527,-21,0
1752422613,485,522,-37,0
1752422613,565,527,38,0
1752422613,464,520,-56,0
1752422613,456,514,-58,0
1752422613,462,509,-47,0
1752422613,476,505,-29,0
1752422613,494,504,-10,0
1752422613,498,503,-5,0
1752422613,475,501,-26,0
1752422613,454,496,-42,0
1752422613,461,492,-31,0
1752422613,468,490,-22,0
1752422613,463,487,-24,0
1752422613,457,484,-27,0
1752422613,472,483,-11,0
1752422613,490,483,7,0
1752422613,462,481,-19,0
1752422613,438,477,-39,0
1752422613,558,485,73,0
1752422613,442,481,-39,0
1752422613,452,478,-26,0
1752422613,472,477,-5,0
1752422613,490,478,12,0
1752422613,504,481,23,0
1752422614,494,482,12,0
1752422614,465,480,-15,0
1752422614,474,480,-6,0
1752422614,482,480,2,0
1752422614,484,480,4,0
1752422614,484,481,3,0
1752422614,484,481,3,0
1752422614,500,483,17,0
1752422614,484,483,1,0
1752422614,466,481,-15,0
1752422614,881,521,360,0
1752422614,471,516,-45,0
1752422614,471,511,-40,0
1752422614,485,509,-24,0
1752422614,504,508,-4,0
1752422614,518,509,9,0
1752422614,527,511,16,0
1752422614,494,509,-15,0
1752422614,490,507,-17,0
1752422614,500,506,-6,0
1752422614,503,506,-3,0
1752422614,501,505,-4,0
1752422614,504,505,-1,0
1752422614,523,507,16,0
1752422614,499,506,-7,0
1752422615,471,503,-32,0
1752422615,714,524,190,0
1752422615,486,520,-34,0
1752422615,489,517,-28,0
1752422615,503,515,-12,0
1752422615,519,516,3,0
1752422615,528,517,11,0
1752422615,527,518,9,0
1752422615,504,516,-12,0
1752422615,500,515,-15,0
1752422615,508,514,-6,0
1752422615,504,513,-9,0
1752422615,501,512,-11,0
1752422615,509,511,-2,0
1752422615,504,511,-7,0
1752422615,494,509,-15,0
1752422615,778,536,242,0
1752422615,458,528,-70,0
1752422615,485,524,-39,0
1752422615,495,521,-26,0
1752422615,510,520,-10,0
1752422615,513,519,-6,0
1752422615,515,518,-3,0
1752422615,505,517,-12,0
1752422615,499,515,-16,0
1752422616,510,515,-5,0
1752422616,505,514,-9,0
1752422616,502,512,-10,0
1752422616,513,512,1,0
1752422616,525,514,11,0
1752422616,490,511,-21,0
1752422616,587,519,68,0
1752422616,462,513,-51,0
1752422616,491,511,-20,0
1752422616,487,508,-21,0
1752422616,509,508,1,0
1752422616,517,509,8,0
1752422616,501,508,-7,0
1752422616,503,508,-5,0
1752422616,498,507,-9,0
1752422616,506,507,-1,0
1752422616,514,507,7,0
1752422616,513,508,5,0
1752422616,512,508,4,0
1752422616,533,511,22,0
1752422616,499,509,-10,0
1752422616,480,506,-26,0
1752422616,735,529,206,0
1752422616,485,525,-40,0
1752422616,488,521,-33,0
1752422617,491,518,-27,0
1752422617,509,517,-8,0
1752422617,506,516,-10,0
1752422617,512,515,-3,0
1752422617,497,514,-17,0
1752422617,501,512,-11,0
1752422617,511,512,-1,0
1752422617,514,512,2,0
1752422617,514,512,2,0
1752422617,520,513,7,0
1752422617,548,516,32,0
1752422617,525,517,8,0
1752422617,501,516,-15,0
1752422617,852,549,303,0
1752422617,520,546,-26,0
1752422617,525,544,-19,0
1752422617,541,544,-3,0
1752422617,558,545,13,0
1752422617,570,548,22,0
1752422617,570,550,20,0
1752422617,545,549,-4,0
1752422617,543,549,-6,0
1752422617,550,549,1,0
1752422617,554,549,5,0
1752422617,547,549,-2,0
1752422618,540,548,-8,0
1752422618,552,548,4,0
1752422618,534,547,-13,0
1752422618,514,543,-29,0
1752422618,874,576,298,0
1752422618,500,569,-69,0
1752422618,501,562,-61,0
1752422618,512,557,-45,0
1752422618,523,553,-30,0
1752422618,536,552,-16,0
1752422618,537,550,-13,0
1752422618,503,545,-42,0
1752422618,491,540,-49,0
1752422618,494,535,-41,0
1752422618,500,532,-32,0
1752422618,497,528,-31,0
1752422618,497,525,-28,0
1752422618,495,522,-27,0
1752422618,514,521,-7,0
1752422618,497,519,-22,0
1752422618,469,514,-45,0
1752422618,890,551,339,0
1752422618,472,543,-71,0
1752422618,461,535,-74,0
1752422618,467,528,-61,0
1752422619,479,523,-44,0
1752422619,495,520,-25,0
1752422619,496,518,-22,0
1752422619,453,511,-58,0
1752422619,443,504,-61,0
1752422619,446,499,-53,0
1752422619,452,494,-42,0
1752422619,450,489,-39,0
1752422619,449,485,-36,0
1752422619,451,482,-31,0
1752422619,460,480,-20,0
1752422619,479,479,0,0
1752422619,455,477,-22,0
1752422619,423,472,-49,0
1752422619,780,502,278,0
1752422619,443,496,-53,0
1752422619,443,491,-48,0
1752422619,458,488,-30,0
1752422619,476,486,-10,0
1752422619,497,487,10,0
1752422619,498,488,10,0
1752422619,469,486,-17,0
1752422619,468,485,-17,0
1752422619,479,484,-5,0
1752422619,483,484,-1,0
1752422620,480,483,-3,0
1752422620,480,483,-3,0
1752422620,483,483,0,0
1752422620,484,483,1,0
1752422620,498,484,14,0
1752422620,492,485,7,0
1752422620,476,484,-8,0
1752422620,851,521,330,0
1752422620,479,517,-38,0
1752422620,475,512,-37,0
1752422620,488,510,-22,0
1752422620,508,510,-2,0
1752422620,525,511,14,0
1752422620,531,513,18,0
1752422620,505,512,-7,0
1752422620,495,510,-15,0
1752422620,505,510,-5,0
1752422620,508,510,-2,0
1752422620,506,509,-3,0
1752422620,503,509,-6,0
1752422620,505,508,-3,0
1752422620,506,508,-2,0
1752422620,518,509,9,0
1752422620,507,509,-2,0
1752422620,486,506,-20,0
1752422621,881,544,337,0
1752422621,487,538,-51,0
1752422621,485,533,-48,0
1752422621,501,529,-28,0
1752422621,516,528,-12,0
1752422621,529,528,1,0
1752422621,534,529,5,0
1752422621,511,527,-16,0
1752422621,505,525,-20,0
1752422621,511,523,-12,0
1752422621,509,522,-13,0
1752422621,507,520,-13,0
1752422621,503,518,-15,0
1752422621,500,517,-17,0
1752422621,500,515,-15,0
1752422621,513,515,-2,0
1752422621,512,514,-2,0
1752422621,496,512,-16,0
1752422621,802,541,261,0
1752422621,483,535,-52,0
1752422621,479,530,-51,0
1752422621,489,526,-37,0
1752422621,502,523,-21,0
1752422621,518,523,-5,0
1752422621,519,522,-3,0
1752422622,504,520,-16,0
1752422622,495,518,-23,0
1752422622,501,516,-15,0
1752422622,501,514,-13,0
1752422622,497,513,-16,0
1752422622,496,511,-15,0
1752422622,497,510,-13,0
1752422622,496,508,-12,0
1752422622,519,509,10,0
1752422622,497,508,-11,0
1752422622,470,504,-34,0
1752422622,851,539,312,0
1752422622,484,533,-49,0
1752422622,485,528,-43,0
1752422622,497,525,-28,0
1752422622,513,524,-11,0
1752422622,528,524,4,0
1752422622,528,525,3,0
1752422622,503,522,-19,0
1752422622,501,520,-19,0
1752422622,508,519,-11,0
1752422622,507,518,-11,0
1752422622,501,516,-15,0
1752422622,502,514,-12,0
1752422622,500,513,-13,0
1752422623,514,513,1,0
1752422623,517,513,4,0
1752422623,501,512,-11,0
1752422623,668,528,140,0
1752422623,476,522,-46,0
1752422623,483,518,-35,0
1752422623,492,516,-24,0
1752422623,509,515,-6,0
1752422623,519,515,4,0
1752422623,525,516,9,0
1752422623,509,516,-7,0
1752422623,495,513,-18,0
1752422623,502,512,-10,0
1752422623,502,511,-9,0
1752422623,497,510,-13,0
1752422623,497,508,-11,0
1752422623,501,508,-7,0
1752422623,510,508,2,0
1752422623,514,508,6,0
1752422623,498,507,-9,0
1752422623,686,525,161,0
1752422623,477,520,-43,0
1752422623,481,516,-35,0
1752422623,493,514,-21,0
1752422623,508,513,-5,0
1752422624,521,514,7,0
1752422624,530,516,14,0
1752422624,514,515,-1,0
1752422624,496,513,-17,0
1752422624,503,512,-9,0
1752422624,501,511,-10,0
1752422624,501,510,-9,0
1752422624,497,509,-12,0
1752422624,496,507,-11,0
1752422624,512,508,4,0
1752422624,497,507,-10,0
1752422624,473,503,-30,0
1752422624,897,543,354,0
1752422624,487,537,-50,0
1752422624,483,532,-49,0
1752422624,498,528,-30,0
1752422624,516,527,-11,0
1752422624,526,527,-1,0
1752422624,533,527,6,0
1752422624,510,526,-16,0
1752422624,514,524,-10,0
1752422624,525,524,1,0
1752422624,526,524,2,0
1752422624,525,524,1,0
1752422624,527,525,2,0
1752422625,544,527,17,0
1752422625,550,529,21,0
1752422625,528,529,-1,0
1752422625,597,535,62,0
1752422625,522,534,-12,0
1752422625,520,533,-13,0
1752422625,530,532,-2,0
1752422625,545,534,11,0
1752422625,556,536,20,0
1752422625,562,538,24,0
1752422625,547,539,8,0
1752422625,528,538,-10,0
1752422625,535,538,-3,0
1752422625,531,537,-6,0
1752422625,524,536,-12,0
1752422625,520,534,-14,0
1752422625,525,533,-8,0
1752422625,523,532,-9,0
1752422625,506,529,-23,0
1752422625,695,546,149,0
1752422625,475,539,-64,0
1752422625,482,533,-51,0
1752422625,497,529,-32,0
1752422625,507,527,-20,0
1752422625,516,526,-10,0
1752422626,522,525,-3,0
1752422626,504,523,-19,0
1752422626,498,521,-23,0
1752422626,508,519,-11,0
1752422626,509,518,-9,0
1752422626,508,517,-9,0
1752422626,504,516,-12,0
1752422626,507,515,-8,0
1752422626,499,513,-14,0
1752422626,475,509,-34,0
1752422626,866,545,321,0
1752422626,467,537,-70,0
1752422626,457,529,-72,0
1752422626,460,522,-62,0
1752422626,467,517,-50,0
1752422626,471,512,-41,0
1752422626,467,507,-40,0
1752422626,441,501,-60,0
1752422626,432,494,-62,0
1752422626,439,488,-49,0
1752422626,443,484,-41,0
1752422626,436,479,-43,0
1752422626,435,474,-39,0
1752422626,460,473,-13,0
1752422626,447,470,-23,0
1752422627,430,466,-36,0
1752422627,859,505,354,0
1752422627,452,500,-48,0
1752422627,455,495,-40,0
1752422627,472,493,-21,0
1752422627,495,493,2,0
1752422627,508,495,13,0
1752422627,518,497,21,0
1752422627,494,497,-3,0
1752422627,494,496,-2,0
1752422627,503,497,6,0
1752422627,508,498,10,0
1752422627,501,498,3,0
1752422627,500,498,2,0
1752422627,507,499,8,0
1752422627,502,499,3,0
1752422627,490,498,-8,0
1752422627,743,523,220,0
1752422627,476,518,-42,0
1752422627,484,515,-31,0
1752422627,493,512,-19,0
1752422627,506,512,-6,0
1752422627,515,512,3,0
1752422627,517,512,5,0
1752422627,491,510,-19,0
1752422628,478,507,-29,0
1752422628,490,505,-15,0
1752422628,495,504,-9,0
1752422628,487,502,-15,0
1752422628,480,500,-20,0
1752422628,480,498,-18,0
1752422628,496,498,-2,0
1752422628,500,498,2,0
1752422628,480,496,-16,0
1752422628,537,500,37,0
1752422628,471,497,-26,0
1752422628,463,494,-31,0
1752422628,476,492,-16,0
1752422628,490,492,-2,0
1752422628,510,493,17,0
1752422628,518,496,22,0
1752422628,497,496,1,0
1752422628,477,494,-17,0
1752422628,483,493,-10,0
1752422628,492,493,-1,0
1752422628,493,493,0,0
1752422628,487,492,-5,0
1752422628,486,491,-5,0
1752422628,485,491,-6,0
1752422628,493,491,2,0
1752422629,495,491,4,0
1752422629,484,490,-6,0
1752422629,609,502,107,0
1752422629,469,499,-30,0
1752422629,469,496,-27,0
1752422629,482,494,-12,0
1752422629,496,495,1,0
1752422629,517,497,20,0
1752422629,523,499,24,0
1752422629,498,499,-1,0
1752422629,478,497,-19,0
1752422629,482,495,-13,0
1752422629,493,495,-2,0
1752422629,489,494,-5,0
1752422629,486,494,-8,0
1752422629,491,493,-2,0
1752422629,491,493,-2,0
1752422629,501,494,7,0
1752422629,504,495,9,0
1752422629,494,495,-1,0
1752422629,664,511,153,0
1752422629,475,508,-33,0
1752422629,478,505,-27,0
1752422629,497,504,-7,0
1752422629,511,505,6,0
1752422630,529,507,22,0
1752422630,535,510,25,0
1752422630,512,510,2,0
1752422630,493,508,-15,0
1752422630,499,507,-8,0
1752422630,503,507,-4,0
1752422630,506,507,-1,0
1752422630,503,506,-3,0
1752422630,503,506,-3,0
1752422630,503,505,-2,0
1752422630,517,507,10,0
1752422630,511,507,4,0
1752422630,493,506,-13,0
1752422630,877,543,334,0
1752422630,495,538,-43,0
1752422630,488,533,-45,0
1752422630,501,530,-29,0
1752422630,518,528,-10,0
1752422630,536,529,7,0
1752422630,538,530,8,0
1752422630,509,528,-19,0
1752422630,499,525,-26,0
1752422630,513,524,-11,0
1752422630,513,522,-9,0
1752422630,507,521,-14,0
1752422631,505,519,-14,0
1752422631,504,518,-14,0
1752422631,519,518,1,0
1752422631,525,518,7,0
1752422631,502,517,-15,0
1752422631,507,516,-9,0
1752422631,520,516,4,0
1752422631,483,513,-30,0
1752422631,494,511,-17,0
1752422631,509,511,-2,0
1752422631,526,512,14,0
1752422631,535,514,21,0
1752422631,517,515,2,0
1752422631,489,512,-23,0
1752422631,497,510,-13,0
1752422631,505,510,-5,0
1752422631,500,509,-9,0
1752422631,497,508,-11,0
1752422631,495,506,-11,0
1752422631,498,505,-7,0
1752422631,506,505,1,0
1752422631,513,506,7,0
1752422631,495,505,-10,0
1752422631,593,514,79,0
1752422631,479,510,-31,0
1752422632,481,507,-26,0
1752422632,495,506,-11,0
1752422632,511,506,5,0
1752422632,525,508,17,0
1752422632,539,511,28,0
1752422632,514,511,3,0
1752422632,492,509,-17,0
1752422632,496,508,-12,0
1752422632,505,508,-3,0
1752422632,505,507,-2,0
1752422632,503,507,-4,0
1752422632,503,506,-3,0
1752422632,516,507,9,0
1752422632,527,509,18,0
1752422632,504,509,-5,0
1752422632,535,511,24,0
1752422632,499,510,-11,0
1752422632,485,507,-22,0
1752422632,500,507,-7,0
1752422632,515,507,8,0
1752422632,533,510,23,0
1752422632,544,513,31,0
1752422632,527,515,12,0
1752422632,506,514,-8,0
1752422632,515,514,1,0
1752422633,518,514,4,0
1752422633,516,514,2,0
1752422633,516,514,2,0
1752422633,516,515,1,0
1752422633,529,516,13,0
1752422633,528,517,11,0
1752422633,509,516,-7,0
1752422633,639,528,111,0
1752422633,488,524,-36,0
1752422633,492,521,-29,0
1752422633,504,519,-15,0
1752422633,521,519,2,0
1752422633,537,521,16,0
1752422633,541,523,18,0
1752422633,515,522,-7,0
1752422633,495,519,-24,0
1752422633,499,517,-18,0
1752422633,504,516,-12,0
1752422633,502,515,-13,0
1752422633,498,513,-15,0
1752422633,498,511,-13,0
1752422633,510,511,-1,0
1752422633,511,511,0,0
1752422633,497,510,-13,0
1752422633,674,526,148,0
1752422634,483,522,-39,0
1752422634,486,518,-32,0
1752422634,499,516,-17,0
1752422634,512,516,-4,0
1752422634,531,517,14,0
1752422634,531,518,13,0
1752422634,511,518,-7,0
1752422634,490,515,-25,0
1752422634,493,513,-20,0
1752422634,502,511,-9,0
1752422634,500,510,-10,0
1752422634,493,509,-16,0
1752422634,493,507,-14,0
1752422634,503,506,-3,0
1752422634,492,505,-13,0
1752422634,473,502,-29,0
1752422634,855,537,318,0
1752422634,472,530,-58,0
1752422634,463,524,-61,0
1752422634,474,519,-45,0
1752422634,493,516,-23,0
1752422634,506,515,-9,0
1752422634,505,514,-9,0
1752422634,484,511,-27,0
1752422634,477,507,-30,0
1752422635,490,506,-16,0
1752422635,487,504,-17,0
1752422635,485,502,-17,0
1752422635,481,500,-19,0
1752422635,482,498,-16,0
1752422635,514,499,15,0
1752422635,486,498,-12,0
1752422635,459,494,-35,0
1752422635,581,503,78,0
1752422635,473,500,-27,0
1752422635,477,497,-20,0
1752422635,491,497,-6,0
1752422635,504,497,7,0
1752422635,514,499,15,0
1752422635,512,500,12,0
1752422635,489,499,-10,0
1752422635,493,498,-5,0
1752422635,498,498,0,0
1752422635,499,498,1,0
1752422635,495,498,-3,0
1752422635,498,498,0,0
1752422635,519,500,19,0
1752422635,498,500,-2,0
1752422635,466,496,-30,0
1752422635,798,526,272,0
1752422636,484,522,-38,0
1752422636,483,518,-35,0
1752422636,499,516,-17,0
1752422636,511,516,-5,0
1752422636,524,516,8,0
1752422636,523,517,6,0
1752422636,495,515,-20,0
1752422636,497,513,-16,0
1752422636,500,512,-12,0
1752422636,503,511,-8,0
1752422636,502,510,-8,0
1752422636,501,509,-8,0
1752422636,513,509,4,0
1752422636,510,509,1,0
1752422636,493,508,-15,0
1752422636,814,538,276,0
1752422636,485,533,-48,0
1752422636,479,527,-48,0
1752422636,490,524,-34,0
1752422636,510,522,-12,0
1752422636,522,522,0,0
1752422636,528,523,5,0
1752422636,504,521,-17,0
1752422636,492,518,-26,0
1752422636,498,516,-18,0
1752422637,496,514,-18,0
1752422637,494,512,-18,0
1752422637,494,510,-16,0
1752422637,507,510,-3,0
1752422637,522,511,11,0
1752422637,495,509,-14,0
1752422637,482,506,-24,0
1752422637,553,511,42,0
1752422637,479,508,-29,0
